NewTest,TCP,bachelor4-VirtualBox
0,9.67660498619,1317322520.37
1,0.684042930603,1317322530.05
2,0.624038934708,1317322530.73
3,0.620038986206,1317322531.35
4,0.668040990829,1317322531.97
5,0.696044206619,1317322532.64
6,0.640039920807,1317322533.34
7,0.680042028427,1317322533.98
8,0.708045005798,1317322534.66
9,9.77661085129,1317322535.37
10,0.704044103622,1317322545.14
11,0.784049034119,1317322545.85
12,0.792048931122,1317322546.63
13,3.95624709129,1317322547.42
14,0.692044019699,1317322551.38
15,0.676041841507,1317322552.07
16,0.828052043915,1317322552.75
17,49.2750790119,1317322553.57
18,0.756047010422,1317322602.85
19,0.740046977997,1317322603.61
20,0.936058044434,1317322604.35
21,3.92024493217,1317322605.28
22,0.704044103622,1317322609.2
23,0.644039869308,1317322609.91
24,0.720045089722,1317322610.55
25,9.76461100578,1317322611.27
26,24.9255568981,1317322621.04
27,0.652041196823,1317322645.96
28,0.636039972305,1317322646.61
29,0.696043014526,1317322647.25
30,3.83223986626,1317322647.94
31,0.680042028427,1317322651.78
32,0.736046075821,1317322652.46
33,0.704043865204,1317322653.19
34,3.77623605728,1317322653.9
35,3.72823309898,1317322657.67
36,0.692044019699,1317322661.4
37,0.828050851822,1317322662.09
38,3.94024705887,1317322662.92
39,18.8971810341,1317322666.86
40,0.672041893005,1317322685.76
41,0.684041976929,1317322686.43
42,0.736046075821,1317322687.12
43,0.624038934708,1317322687.85
44,19.2692050934,1317322688.48
45,0.636039018631,1317322707.74
46,0.696043968201,1317322708.38
47,0.632039070129,1317322709.08
48,0.616038799286,1317322709.71
49,6.78442406654,1317322710.32
50,0.604038000107,1317322717.11
51,0.648040056229,1317322717.71
52,0.840053081512,1317322718.36
53,3.82423901558,1317322719.2
54,0.716043949127,1317322723.03
55,0.688042879105,1317322723.74
56,0.668041944504,1317322724.43
57,0.71604514122,1317322725.1
58,12.780798912,1317322725.81
59,0.620038032532,1317322738.59
60,0.720045089722,1317322739.21
61,0.740046977997,1317322739.93
62,12.8087999821,1317322740.67
63,0.656040906906,1317322753.48
64,0.648041009903,1317322754.14
65,0.676042079926,1317322754.79
66,0.640039920807,1317322755.46
67,25.0695669651,1317322756.1
68,0.740046024323,1317322781.17
69,0.644040107727,1317322781.91
70,0.684042930603,1317322782.56
71,0.660041093826,1317322783.24
72,27.9217448235,1317322783.9
73,0.620039224625,1317322811.82
74,0.748046875,1317322812.44
75,0.696043014526,1317322813.19
76,6.85242795944,1317322813.89
77,64.3280210495,1317322820.74
78,0.852052927017,1317322885.07
79,0.79204916954,1317322885.92
80,0.692043781281,1317322886.71
81,49.0350642204,1317322887.4
82,0.640039920807,1317322936.44
83,0.624038934708,1317322937.08
84,0.656041145325,1317322937.7
85,0.708043813705,1317322938.36
86,3.85624098778,1317322939.07
87,0.728046178818,1317322942.92
88,0.644039869308,1317322943.65
89,0.7120449543,1317322944.3
90,0.644040107727,1317322945.01
91,15.7929868698,1317322945.65
92,0.664041042328,1317322961.44
93,0.740046977997,1317322962.11
94,0.736046075821,1317322962.85
95,6.77242302895,1317322963.58
96,0.660041093826,1317322970.36
97,0.644039869308,1317322971.02
98,0.656040906906,1317322971.66
99,0.656041145325,1317322972.32
100,0.704043865204,1317322972.97
101,0.760048151016,1317322973.68
102,0.648040056229,1317322974.44
103,0.688042879105,1317322975.09
104,15.8289899826,1317322975.77
105,0.620038032532,1317322991.6
106,0.628040075302,1317322992.22
107,0.780047893524,1317322992.85
108,9.8846180439,1317322993.63
109,0.628038883209,1317323003.52
110,0.664041996002,1317323004.14
111,0.656041145325,1317323004.81
112,0.640039920807,1317323005.46
113,9.824614048,1317323006.1
114,0.696043014526,1317323015.93
115,0.732045888901,1317323016.62
116,0.644040107727,1317323017.36
117,3.92424607277,1317323018.0
118,6.67241692543,1317323021.92
119,0.636039018631,1317323028.6
120,0.648041009903,1317323029.23
121,0.660040855408,1317323029.88
122,25.1495718956,1317323030.54
123,0.664041996002,1317323055.69
124,0.708044052124,1317323056.36
125,0.696043968201,1317323057.07
126,3.77223515511,1317323057.77
127,25.1615729332,1317323061.54
128,0.684042930603,1317323086.7
129,0.61603808403,1317323087.38
130,0.676041841507,1317323088.0
131,0.732046127319,1317323088.68
132,3.87224197388,1317323089.41
133,0.644040107727,1317323093.28
134,0.676042795181,1317323093.92
135,0.684042215347,1317323094.6
136,15.900993824,1317323095.28
137,3.86824202538,1317323111.19
138,0.708044052124,1317323115.05
139,0.680042982101,1317323115.76
140,3.78023600578,1317323116.44
141,3.72023200989,1317323120.22
142,0.728045940399,1317323123.94
143,0.676042079926,1317323124.67
144,9.7886121273,1317323125.35
145,0.760047912598,1317323135.14
146,0.648040056229,1317323135.9
147,0.644041061401,1317323136.55
148,0.708043813705,1317323137.2
149,0.632039070129,1317323137.9
150,0.720045089722,1317323138.54
151,0.744046926498,1317323139.26
152,0.644040107727,1317323140.0
153,0.720044851303,1317323140.64
154,13.0168139935,1317323141.36
155,0.688043117523,1317323154.38
156,0.720044851303,1317323155.07
157,6.85642814636,1317323155.79
158,12.7447969913,1317323162.64
159,0.632039070129,1317323175.39
160,0.648041009903,1317323176.02
161,0.720044851303,1317323176.67
162,0.644040107727,1317323177.39
163,40.2385149002,1317323178.03
164,0.664041042328,1317323218.27
165,0.660041093826,1317323218.94
166,0.692043781281,1317323219.6
167,3.72023200989,1317323220.29
168,0.700044155121,1317323224.01
169,0.656040906906,1317323224.71
170,0.656041145325,1317323225.37
171,0.676041841507,1317323226.02
172,3.85624098778,1317323226.7
173,0.688043117523,1317323230.56
174,0.624038934708,1317323231.25
175,0.668041944504,1317323231.87
176,0.820051193237,1317323232.54
177,0.624038934708,1317323233.36
178,0.796050071716,1317323233.98
179,0.764047861099,1317323234.78
180,0.696043014526,1317323235.54
181,0.724045991898,1317323236.24
182,0.632039070129,1317323236.96
183,0.616039037704,1317323237.59
184,0.720044851303,1317323238.21
185,0.776048183441,1317323238.93
186,0.628038883209,1317323239.71
187,0.744046926498,1317323240.33
188,0.660041093826,1317323241.08
189,3.77623605728,1317323241.74
190,0.716044902802,1317323245.51
191,0.796050071716,1317323246.23
192,0.636039018631,1317323247.03
193,0.708045005798,1317323247.66
194,0.688042879105,1317323248.37
195,0.736046075821,1317323249.06
196,0.65204000473,1317323249.79
197,0.728045940399,1317323250.45
198,22.349396944,1317323251.17
199,0.660041093826,1317323273.52
200,0.652040958405,1317323274.18
201,0.744045972824,1317323274.84
202,6.79642510414,1317323275.58
203,0.640039920807,1317323282.38
204,0.724045038223,1317323283.02
205,0.628039121628,1317323283.74
206,6.77242398262,1317323284.37
207,12.8087999821,1317323291.14
208,0.636039972305,1317323303.95
209,0.668041944504,1317323304.59
210,0.732044935226,1317323305.25
211,6.80042505264,1317323305.99
212,0.736046075821,1317323312.79
213,0.684042930603,1317323313.52
214,0.744046926498,1317323314.21
215,0.724045038223,1317323314.95
216,0.75204706192,1317323315.67
217,0.836051940918,1317323316.43
218,3.74023413658,1317323317.26
219,6.93243288994,1317323321.0
220,0.628039121628,1317323327.94
221,0.656040906906,1317323328.56
222,0.660042047501,1317323329.22
223,0.628038883209,1317323329.88
224,3.69223117828,1317323330.51
225,0.764046907425,1317323334.2
226,0.660042047501,1317323334.96
227,3.75623393059,1317323335.62
228,0.940058946609,1317323339.38
229,0.692043066025,1317323340.32
230,0.632040023804,1317323341.01
231,6.80442500114,1317323341.64
232,0.680042982101,1317323348.45
233,6.71641898155,1317323349.13
234,0.664041996002,1317323355.85
235,0.700043916702,1317323356.51
236,0.636039018631,1317323357.21
237,3.85224103928,1317323357.85
238,6.99643707275,1317323361.7
239,0.672041893005,1317323368.69
240,0.692044019699,1317323369.37
241,0.78804898262,1317323370.06
242,31.25395298,1317323370.85
243,0.784049034119,1317323402.1
244,0.720045089722,1317323402.88
245,0.748046875,1317323403.6
246,0.664041042328,1317323404.35
247,15.8969929218,1317323405.02
248,0.832051992416,1317323420.92
249,0.688042879105,1317323421.75
250,0.640040159225,1317323422.44
251,3.86024093628,1317323423.08
252,0.688043117523,1317323426.94
253,0.796049833298,1317323427.63
254,0.668041944504,1317323428.42
255,0.668042182922,1317323429.09
256,6.85242795944,1317323429.76
257,0.676042079926,1317323436.61
258,0.708043813705,1317323437.29
259,0.75204706192,1317323437.99
260,15.8849930763,1317323438.75
261,0.748046875,1317323454.63
262,0.644040107727,1317323455.38
263,0.628038883209,1317323456.02
264,0.692044019699,1317323456.65
265,7.01243805885,1317323457.34
266,0.684042930603,1317323464.36
267,0.75204706192,1317323465.04
268,0.736046075821,1317323465.79
269,0.656040906906,1317323466.53
270,0.664041042328,1317323467.18
271,0.704043865204,1317323467.85
272,0.660041093826,1317323468.55
273,0.704044103622,1317323469.21
274,6.84042787552,1317323469.92
275,0.780049085617,1317323476.76
276,0.78804898262,1317323477.54
277,0.656040906906,1317323478.32
278,12.9008061886,1317323478.98
279,0.700043916702,1317323491.89
280,0.644040107727,1317323492.59
281,0.724045991898,1317323493.23
282,7.07644200325,1317323493.95
283,0.656040906906,1317323501.03
284,0.644040107727,1317323501.69
285,0.61203789711,1317323502.33
286,0.628040075302,1317323502.94
287,0.692042827606,1317323503.57
288,0.764048099518,1317323504.26
289,0.656041145325,1317323505.03
290,0.752046823502,1317323505.69
291,0.632039070129,1317323506.44
292,28.2177639008,1317323507.07
293,0.664041042328,1317323535.29
294,0.844053030014,1317323535.95
295,0.676042079926,1317323536.8
296,3.79223704338,1317323537.47
297,0.660041809082,1317323541.26
298,0.776048183441,1317323541.92
299,0.696043968201,1317323542.7
EndTest
