NewTest,TCP,bachelor4-VirtualBox
0,43.4463281631,1317339781.53
1,9.68037605286,1317339824.98
2,27.6432068348,1317339834.66
3,3.30542802811,1317339862.3
4,3.15711283684,1317339865.61
5,43.0271000862,1317339868.77
6,15.4565269947,1317339911.79
7,61.3507399559,1317339927.25
8,63.9994668961,1317339988.6
9,6.6151239872,1317340052.6
10,9.3483440876,1317340059.22
11,6.37304615974,1317340068.56
12,27.4473919868,1317340074.94
13,21.5210258961,1317340102.38
14,15.3964760303,1317340123.91
15,6.29918718338,1317340139.3
16,6.36806797981,1317340145.6
17,6.5513548851,1317340151.97
18,6.26344609261,1317340158.52
19,6.27210998535,1317340164.78
20,33.9873309135,1317340171.06
21,27.5264999866,1317340205.04
22,30.7901549339,1317340232.57
23,9.2134771347,1317340263.36
24,18.6222879887,1317340272.57
25,18.7199192047,1317340291.2
26,9.23744797707,1317340309.92
27,27.46139884,1317340319.15
28,6.19384717941,1317340346.62
29,6.06584095955,1317340352.81
30,6.17166113853,1317340358.88
31,60.9573941231,1317340365.05
32,12.367123127,1317340426.01
33,12.2391560078,1317340438.37
34,21.5627160072,1317340450.61
35,9.2557489872,1317340472.18
36,6.46557402611,1317340481.43
37,12.4310338497,1317340487.9
38,3.36988401413,1317340500.33
39,21.4052259922,1317340503.7
40,6.4205789566,1317340525.1
41,12.52374506,1317340531.52
42,15.5064790249,1317340544.05
43,21.259114027,1317340559.55
44,12.4503757954,1317340580.81
45,21.5448889732,1317340593.26
46,24.2686340809,1317340614.81
47,15.4141471386,1317340639.08
48,36.8899581432,1317340654.49
49,15.5619909763,1317340691.38
50,6.23668289185,1317340706.94
51,37.0447611809,1317340713.18
52,9.09124708176,1317340750.23
53,12.2257940769,1317340759.32
54,3.39717507362,1317340771.54
55,9.42932009697,1317340774.94
56,9.41040802002,1317340784.37
57,12.3506450653,1317340793.78
58,15.6554579735,1317340806.13
59,9.31512904167,1317340821.79
60,3.27101111412,1317340831.1
61,6.1760571003,1317340834.37
62,3.36396002769,1317340840.55
63,3.21326589584,1317340843.91
64,27.931167841,1317340847.13
65,9.18863081932,1317340875.06
66,6.38212203979,1317340884.25
67,3.23723506927,1317340890.63
68,18.7754797935,1317340893.87
69,12.5506839752,1317340912.64
70,9.52379894257,1317340925.19
71,9.32547903061,1317340934.72
72,27.9164471626,1317340944.04
73,51.8585970402,1317340971.96
74,24.887458086,1317341023.82
75,57.8694679737,1317341048.71
76,3.17328596115,1317341106.58
77,3.35840010643,1317341109.75
78,21.4539577961,1317341113.11
79,3.48300409317,1317341134.56
80,3.38983297348,1317341138.04
81,9.5463488102,1317341141.43
82,45.7747290134,1317341150.98
83,9.20788097382,1317341196.76
84,42.5906579494,1317341205.96
85,9.30779290199,1317341248.56
86,6.21371507645,1317341257.86
87,18.7127389908,1317341264.08
88,67.0957760811,1317341282.79
89,9.33499193192,1317341349.89
90,18.4790279865,1317341359.22
91,12.2043919563,1317341377.7
92,12.332308054,1317341389.9
93,18.655559063,1317341402.24
94,12.3351578712,1317341420.89
95,24.4493851662,1317341433.23
96,24.7714340687,1317341457.68
97,6.28206300735,1317341482.45
98,14.1535181999,1317341488.73
99,30.6952049732,1317341502.88
100,18.7443611622,1317341533.58
101,12.3416008949,1317341552.32
102,15.3500189781,1317341564.67
103,15.5360970497,1317341580.02
104,26.1346359253,1317341595.55
105,12.4587349892,1317341621.69
106,40.0906019211,1317341634.15
107,33.6750559807,1317341674.24
108,18.580231905,1317341707.91
109,21.5811240673,1317341726.49
110,12.6103730202,1317341748.07
111,27.5777418613,1317341760.68
112,9.29036712646,1317341788.26
113,15.3517620564,1317341797.55
114,36.5388109684,1317341812.9
115,24.443582058,1317341849.44
116,3.28298091888,1317341873.89
117,3.22853302956,1317341877.17
118,15.7073369026,1317341880.4
119,18.6355028152,1317341896.11
120,9.39214491844,1317341914.74
121,27.9310770035,1317341924.14
122,12.6128361225,1317341952.07
123,6.27020478249,1317341964.68
124,18.630412817,1317341970.95
125,18.3248491287,1317341989.58
126,15.5639019012,1317342007.91
127,30.4764938354,1317342023.47
128,15.4072430134,1317342053.95
129,27.7959489822,1317342069.36
130,33.9765329361,1317342097.16
131,9.563393116,1317342131.13
132,15.5129261017,1317342140.7
133,24.5839548111,1317342156.21
134,18.3243541718,1317342180.79
135,12.3716099262,1317342199.12
136,3.21324110031,1317342211.49
137,12.5693869591,1317342214.7
138,9.2526049614,1317342227.27
139,18.4571890831,1317342236.52
140,18.3194429874,1317342254.98
141,3.33956503868,1317342273.3
142,6.25051999092,1317342276.64
143,6.38326597214,1317342282.89
144,6.88040089607,1317342289.28
145,3.3194899559,1317342296.16
146,18.7232260704,1317342299.48
147,8.16881799698,1317342318.2
148,12.372426033,1317342326.37
149,12.3570201397,1317342338.74
150,3.22980713844,1317342351.1
151,3.22205305099,1317342354.33
152,9.29396080971,1317342357.55
153,6.16810083389,1317342366.84
154,3.04222512245,1317342373.01
155,3.21177506447,1317342376.05
156,3.1525220871,1317342379.27
157,15.4051909447,1317342382.42
158,6.29036784172,1317342397.82
159,33.7260429859,1317342404.12
160,21.4279370308,1317342437.84
161,9.26600313187,1317342459.27
162,3.34514403343,1317342468.54
163,42.9010868073,1317342471.88
164,9.49861502647,1317342514.78
165,6.33692002296,1317342524.28
166,6.14089512825,1317342530.62
167,9.32088208199,1317342536.76
168,6.30609822273,1317342546.08
169,12.1609358788,1317342552.39
170,9.40414190292,1317342564.55
171,3.17767095566,1317342573.95
172,6.36869692802,1317342577.13
173,3.02440404892,1317342583.5
174,3.51059913635,1317342586.52
175,24.5473539829,1317342590.03
176,6.22594618797,1317342614.58
177,21.9880878925,1317342620.81
178,12.33811903,1317342642.8
179,3.25955510139,1317342655.13
180,27.6405129433,1317342658.39
181,12.2353191376,1317342686.03
182,6.31532216072,1317342698.27
183,12.7147049904,1317342704.58
184,3.04813599586,1317342717.3
185,6.33313012123,1317342720.35
186,21.6179039478,1317342726.68
187,6.32019209862,1317342748.3
188,3.15391802788,1317342754.62
189,3.36377906799,1317342757.77
190,6.39480090141,1317342761.14
191,6.20586681366,1317342767.53
192,6.27404808998,1317342773.74
193,15.7226259708,1317342780.01
194,9.34325003624,1317342795.74
195,3.17571592331,1317342805.08
196,3.19829416275,1317342808.25
197,9.26533913612,1317342811.45
198,12.4295730591,1317342820.72
199,3.13076782227,1317342833.15
EndTest
